
%liczba neuronów ukrytych: 5, liczba wejœæ sieci: 4
%wejœcie 1: u(k-3)
%wejœcie 2: u(k-4)
%wejœcie 3: y(k-1)
%wejœcie 4: y(k-2)
%uczenie w trybie OE
w10(1,1)=-5.4623849832e-001; w1(1,1)=-2.0668195705e-002; w1(1,2)=4.4745981674e-002; w1(1,3)=-6.1784874136e-001; w1(1,4)=2.1592802440e-001; 
w10(2,1)=-6.5437003698e-001; w1(2,1)=-4.1842046334e-002; w1(2,2)=3.7378213835e-002; w1(2,3)=9.9375585317e-001; w1(2,4)=-3.9174380149e-001; 
w10(3,1)=-2.7207203428e+000; w1(3,1)=-6.9600928221e-002; w1(3,2)=-1.1762680436e+000; w1(3,3)=8.7700982990e-001; w1(3,4)=-1.9116857581e+000; 
w10(4,1)=-8.1527463987e-001; w1(4,1)=-2.3539827711e-001; w1(4,2)=-7.6631378462e-001; w1(4,3)=-1.2253568990e+000; w1(4,4)=9.1651091910e-001; 
w10(5,1)=-1.2801196919e+000; w1(5,1)=-4.6105331002e-001; w1(5,2)=-1.2503440929e+000; w1(5,3)=-5.5117523768e-001; w1(5,4)=4.3067021975e-001; 
w20=-5.1100049546e-001; w2(1)=-1.8059766686e+000; w2(2)=9.3578281898e-001; w2(3)=-7.5844539705e-002; w2(4)=-3.1785492450e-001; w2(5)=1.6248310784e-001; 

