
%liczba neuronów ukrytych: 6, liczba wejœæ sieci: 4
%wejœcie 1: u(k-3)
%wejœcie 2: u(k-4)
%wejœcie 3: y(k-1)
%wejœcie 4: y(k-2)
%uczenie w trybie OE
w10(1,1)=7.4509117778e-002; w1(1,1)=4.1613147660e-001; w1(1,2)=1.0081711999e+000; w1(1,3)=-3.2457391007e-001; w1(1,4)=2.4136098899e-001; 
w10(2,1)=-1.5542208649e-001; w1(2,1)=4.2447893664e-001; w1(2,2)=1.2891099881e+000; w1(2,3)=-4.4016861892e-001; w1(2,4)=2.4335225997e-001; 
w10(3,1)=5.4575443931e-001; w1(3,1)=3.5874797914e-002; w1(3,2)=1.1110747233e-002; w1(3,3)=-5.9975138813e-001; w1(3,4)=1.7451305280e-001; 
w10(4,1)=-8.8936097339e-001; w1(4,1)=7.0923837202e-002; w1(4,2)=-9.1668406056e-003; w1(4,3)=-7.4905874867e-001; w1(4,4)=2.7110882870e-001; 
w10(5,1)=-3.9398963105e-001; w1(5,1)=2.7126524833e-001; w1(5,2)=2.3917256856e-002; w1(5,3)=1.0846681056e+000; w1(5,4)=-9.2675737914e-001; 
w10(6,1)=3.7679216844e-001; w1(6,1)=5.2255019736e-001; w1(6,2)=1.4602207296e+000; w1(6,3)=7.6305868103e-001; w1(6,4)=-5.6355631290e-001; 
w20=-2.2437336984e-003; w2(1)=2.0770950755e-001; w2(2)=-1.2599291789e-001; w2(3)=-1.8305972233e+000; w2(4)=-1.4447380262e+000; w2(5)=3.3679933274e-001; w2(6)=-6.4869683538e-002; 

