
%liczba neuronów ukrytych: 5, liczba wejœæ sieci: 4
%wejœcie 1: u(k-3)
%wejœcie 2: u(k-4)
%wejœcie 3: y(k-1)
%wejœcie 4: y(k-2)
%uczenie w trybie ARX
w10(1,1)=-3.7872187474e-002; w1(1,1)=-7.1439577897e-001; w1(1,2)=-3.9659829219e-001; w1(1,3)=1.2348581291e-001; w1(1,4)=2.9933347377e-001; 
w10(2,1)=-1.2683897384e-002; w1(2,1)=7.8856107477e-002; w1(2,2)=1.9942066812e-001; w1(2,3)=-5.3538501775e-001; w1(2,4)=3.2477329681e-001; 
w10(3,1)=5.0205652713e-001; w1(3,1)=3.9313116952e-002; w1(3,2)=1.4392316788e-001; w1(3,3)=2.3279835430e-001; w1(3,4)=7.5068176032e-002; 
w10(4,1)=-1.6567388593e-002; w1(4,1)=1.0981969047e+000; w1(4,2)=4.4401032343e-001; w1(4,3)=-4.9941350141e-001; w1(4,4)=2.0207779469e-001; 
w10(5,1)=7.5245439424e-001; w1(5,1)=-7.2461785036e-002; w1(5,2)=-2.0107030900e-001; w1(5,3)=-6.4182041151e-001; w1(5,4)=2.1722783301e-001; 
w20=-1.1106534735e-001; w2(1)=-2.1274257900e-001; w2(2)=-1.8140081267e+000; w2(3)=1.5957566924e+000; w2(4)=-1.1237624537e-001; w2(5)=-1.0397722506e+000; 

