
%liczba neuronów ukrytych: 7, liczba wejœæ sieci: 4
%wejœcie 1: u(k-3)
%wejœcie 2: u(k-4)
%wejœcie 3: y(k-1)
%wejœcie 4: y(k-2)
%uczenie w trybie ARX
w10(1,1)=1.1571559755e+000; w1(1,1)=-1.3760898605e-001; w1(1,2)=2.4139832461e-001; w1(1,3)=5.5019477797e-001; w1(1,4)=5.4309729528e-001; 
w10(2,1)=1.0309412182e+000; w1(2,1)=3.6632614998e-001; w1(2,2)=1.7075199496e-001; w1(2,3)=-9.9321889372e-001; w1(2,4)=3.5002224114e-001; 
w10(3,1)=4.5437172953e-001; w1(3,1)=-8.2109480321e-001; w1(3,2)=-4.9003943529e-001; w1(3,3)=-5.3689178574e-001; w1(3,4)=1.4532123169e-001; 
w10(4,1)=-1.5943174423e+000; w1(4,1)=3.9925823314e-001; w1(4,2)=6.4117163318e-002; w1(4,3)=-1.1580199752e-001; w1(4,4)=-2.9315389284e-001; 
w10(5,1)=-3.8376664192e-002; w1(5,1)=2.5114927562e-001; w1(5,2)=1.1973895321e-001; w1(5,3)=3.8346751151e-001; w1(5,4)=-3.2163530166e-001; 
w10(6,1)=-1.7865036420e-001; w1(6,1)=2.9086449463e-001; w1(6,2)=1.4299152619e-001; w1(6,3)=-4.9000563153e-001; w1(6,4)=-5.3036476387e-002; 
w10(7,1)=-1.6625303978e+000; w1(7,1)=1.6268689101e-001; w1(7,2)=1.9920519554e-001; w1(7,3)=-9.3802417499e-001; w1(7,4)=2.1691958193e-001; 
w20=-7.2022736511e-001; w2(1)=2.0149869433e-003; w2(2)=-9.3143926957e-001; w2(3)=6.7527073635e-002; w2(4)=-9.9579396770e-001; w2(5)=2.2307563185e+000; w2(6)=-9.8871720680e-001; w2(7)=-4.3538447369e-001; 

